 { 26083.862905 -3631.940201 22211.223761 -72273.524515 33423.038206 360.961207 -32491.062391 23794.338376 -41508.339871 -3980.860932 } 20038507.001738 {  { 123.403606 -0.527839 85.000719 -146.239902 27.197179 -0.266574 -26.611959 11.876718 -5.862042 -0.004152 }  { -0.527839 7.493251 1.330179 -0.889241 0.944971 2.454474 -9.221836 1.212792 -2.045526 1.145677 }  { 85.000719 1.330179 65.365769 -94.211062 19.909614 0.671780 -21.384394 7.102379 7.828791 0.010464 }  { -146.239902 -0.889241 -94.211062 195.773500 -36.047609 -0.449093 37.033517 -20.962855 37.709372 -0.006995 }  { 27.197179 0.944971 19.909614 -36.047609 16.380405 0.477239 -17.428102 9.134687 -5.057157 0.007434 }  { -0.266574 2.454474 0.671780 -0.449093 0.477239 1.239582 -3.198533 0.207874 -1.033051 0.019308 }  { -26.611959 -9.221836 -21.384394 37.033517 -17.428102 -3.198533 27.968137 -10.159757 7.325048 -0.835935 }  { 11.876718 1.212792 7.102379 -20.962855 9.134687 0.207874 -10.159757 7.612108 -9.176111 1.259957 }  { -5.862042 -2.045526 7.828791 37.709372 -5.057157 -1.033051 7.325048 -9.176111 44.802969 -0.016091 }  { -0.004152 1.145677 0.010464 -0.006995 0.007434 0.019308 -0.835935 1.259957 -0.016091 1.737415 }  }  0