 { -11040.658128 -4678.843648 -195.321778 -1223.200873 -1790.455079 62.839775 3919.717297 -6922.826748 -819.216134 -4185.204536 } 125701.145896 {  { 82.011677 0.213033 42.057849 -75.010189 12.741607 0.264256 -13.025431 6.376918 9.267808 -0.107594 }  { 0.213033 2.605991 0.247490 -0.559539 0.087659 0.438494 -3.061545 0.129081 -0.568873 0.148027 }  { 42.057849 0.247490 26.146858 -33.802251 9.159546 0.306998 -9.489277 4.061979 13.809051 -0.124997 }  { -75.010189 -0.559539 -33.802251 78.320646 -9.420221 -0.694079 10.165697 -5.830689 7.034147 0.282600 }  { 12.741607 0.087659 9.159546 -9.420221 7.979501 0.108737 -8.096289 4.332028 6.312756 -0.044273 }  { 0.264256 0.438494 0.306998 -0.694079 0.108737 0.543929 -0.692944 -0.132941 -0.705657 -0.221465 }  { -13.025431 -3.061545 -9.489277 10.165697 -8.096289 -0.692944 11.921205 -4.230363 -5.554845 0.225299 }  { 6.376918 0.129081 4.061979 -5.830689 4.332028 -0.132941 -4.230363 3.512581 1.543442 0.660160 }  { 9.267808 -0.568873 13.809051 7.034147 6.312756 -0.705657 -5.554845 1.543442 27.293089 0.287314 }  { -0.107594 0.148027 -0.124997 0.282600 -0.044273 -0.221465 0.225299 0.660160 0.287314 0.927866 }  }  0